[4 0 0 1 0 5 6 0 4 1 0 0 3 4 2 0 0 2 1 0 0 4 3 0 2 0 0 2] [0 1 4 0 0 0 1 0 0 0 0 0 0 0 0 0 0 0 1 1 0 0 0 0 0 4 4 0] [ 0  0  2  7  6  3  2  2  5  9 14 17 18 17 17 17 16 14 15 19 16  7  1  1
  0  4  6  0] [  6   0   4  45  72  60  47  55  74  82  91  98 100 102 105 107 102 100
  96  94  90  77  53  32   7   2   0   0] [ 11   0  26 110 166 148 138 170 192 198 205 209 210 210 213 216 216 218
 210 201 200 194 162 124  66  25   0   0] [  2   0  47 157 227 204 192 237 236 236 235 232 229 226 226 226 226 231
 229 226 234 245 238 221 153  75   7   0] [  0   1  51 165 242 206 156 168 153 147 139 133 129 128 126 126 123 124
 129 135 142 163 203 238 215 125  33   0] [  2   6  48 157 240 191  92  55  47  39  29  24  24  26  27  27  32  26
  30  36  32  49 121 200 237 151  53   5] [  0   1  51 166 241 180  65   8   4   1   4   1   0   3   6   0   7   0
   0   8   6   0  62 173 233 190  74   7] [  0   1  52 167 241 179  64   8   2   0   0   1   0   0   2   2  11   4
   0   4   8  14  81 178 240 183  65   5] [  0   1  53 168 241 178  63   7   6   0   0   5   0   0   7  16   6  12
  19  35  59  88 146 211 246 170  57   8] [  0   2  55 169 241 177  62   6   7   0   2   4   5  25  54  68  77  94
 116 141 172 202 227 243 210 126  34   4] [  0   3  56 171 240 176  61   5   0   1   1   0  22  90 153 175 200 207
 220 233 247 255 248 226 152  68   5   0] [  0   4  58 172 240 174  59   4   0   3   1   0  41 140 227 254 250 238
 234 234 236 247 246 228 148  58   5   0] [  0   5  59 173 240 174  58   4   0   2   1   1  36 115 183 202 186 159
 149 150 155 189 235 254 194  86  23   1] [  0   5  60 173 240 173  58   3   1   0   0   0  12  51  85  90  80  47
  36  39  48 100 182 232 225 103  28   0] [  0   7  64 177 241 171  53   0   4   0   0   0   4  10  11  10   7   0
   7   8   5  71 177 234 210  88  11   6] [  0   3  61 174 237 167  54   4   0   0   3   1   0   0   0   0   6   0
   2   9  36 125 212 235 161  63   5   4] [  1  10  69 182 238 161  49   3   1   3   4   1   0   0   3   9   3   0
  12  43 111 203 235 199  93  31   0   2] [  1  10  72 188 242 158  43   0   0   0   0   0   0   0   0   0   3  19
  61 123 197 246 209 125  37   8   0   0] [  8  10  68 187 242 157  41   2   0   2   4   2   0   0   5   9  52  93
 157 213 236 211 134  55   8   2   0   0] [ 75  54  86 190 240 152  38   2   0   4   5   0   0  18  59  93 157 197
 238 241 195 120  50  12   0   3   2   0] [175 123 116 192 231 143  36   5   0   5  13  24  47  91 146 185 222 229
 211 163 101  41   5   0   0   3   0   0] [236 162 127 186 220 137  39  15  28  40  67 111 161 204 230 241 214 186
 121  55  22   7   0   1   0   1   0   0] [237 176 128 163 176 121  91  95 119 154 191 215 231 234 211 180 115  71
  26   8   5   2   0   2   0   0   0   0] [252 215 171 183 201 187 193 205 220 233 240 229 204 164 112  71  39  17
   0   0   3   0   0   1   0   0   0   0] [237 246 226 223 231 231 238 234 214 199 172 139 101  61  26   4   0   0
   0   1   3   0   0   0   0   0   0   0] [163 202 204 197 191 178 164 139 130 101  65  38  18   3   0   5   2   0
   1   4   2   0   0   1   0   0   0   0] 
